nefic = {
    "Kodak": {
        "bpp": [0.00517, 0.00780, 0.01356, 0.02119, 0.03672, 0.06277],
        "lpips": [0.2665, 0.2282, 0.1733, 0.1400, 0.1057, 0.0805],
        "dists": [0.1475, 0.1303, 0.1057, 0.0916, 0.0758, 0.0626],
        "psnr": [19.90, 20.93, 21.92, 22.83, 24.26, 25.63],
        "ms_ssim": [0.6448, 0.6976, 0.7563, 0.7986, 0.8477, 0.8903],
    },
    "CLIC2020": {
        "bpp": [0.00467, 0.00664, 0.01064, 0.01611, 0.02713, 0.04560],
        "lpips": [0.2166, 0.1802, 0.1403, 0.1137, 0.0864, 0.0670],
        "dists": [0.1149, 0.0992, 0.0806, 0.0682, 0.0529, 0.0421],
        "fid": [9.159, 8.259, 6.282, 4.491, 4.022, 3.471],
        "kid": [1.744e-3, 1.421e-3, 1.130e-3, 7.297e-4, 6.790e-4, 6.095e-4],
    },
    "DIV2K": {
        "bpp": [0.00565, 0.00842, 0.01417, 0.02173, 0.03743, 0.06335],
        "lpips": [0.2488, 0.2077, 0.1602, 0.1283, 0.0968, 0.0745],
        "dists": [0.1203, 0.1019, 0.0823, 0.0683, 0.0531, 0.0423],
        "fid": [24.185, 18.105, 13.271, 10.019, 8.145, 6.692],
        "kid": [2.297e-3, 1.171e-3, 7.026e-4, 3.601e-4, 3.416e-4, 2.964e-4],
    },
}
